0.15
0.13
0.23
6.1
18.1
42
19.9
26.2
28.8
3.22
5.02
0.44
0.37
0.3
0.28
7.74
10.3
29.4
32.1
40
26.8
13.2
1.43
0.44
0.33
0.25
1.08
1.68
16.6
33.5
35
24.5
17
18.6
1.25
0.3
0.23
0.18
0.18
0.65
10.3
30
21.8
24.5
13.8
5.87
1.34
0.4
0.28
0.18
0.23
2.61
8.24
28
22.9
15.2
13.2
2.91
1.17
0.37
0.25
0.16
0.69
1.43
17
17
31.4
37.3
40
8.5
0.99
0.44
0.18
0.25
1.35
6.24
8.76
85
24.4
34.4
9.84
2.26
1.03
0.64
0.19
0.21
0.23
1.1
34.3
14.5
42
24.9
29.4
27.7
1.3
0.41
0.3
0.3
0.75
2.32
11.5
44.1
40.8
95
15.2
4.84
1.3
0.48
0.29
0.21
0.62
2.5
23
24
46.5
53
31.1
13.7
1.95
0.45
0.24
0.24
0.8
5.08
8.35
31.7
50
19.6
14.1
7.45
0.86
1.5
0.45
0.24
0.3
3.35
11.9
29.9
31.7
40
13.2
2.5
2.17
0.54
0.24
0.24
0.15
1.86
11.1
27.5
21.6
44
27
3.68
2.17
4.54
0.41
0.21
0.28
2.5
13.4
30.8
30.3
35
9.98
2.78
1.04
0.53
0.24
0.17
0.31
0.48
19.6
36
32.7
26.8
100
4.15
0.78
0.48
0.24
0.17
0.21
3.33
13.3
24.6
29.2
57
10.1
8.56
9.55
0.45
0.34
0.17
0.18
1.24
13.5
29
25.5
25.5
19.9
5.44
1.77
0.54
0.24
0.15
0.59
9.98
20.1
24.3
39
21.4
14.4
4.72
12.2
0.5
0.28
0.18
0.21
7.12
21
18.5
18.1
19.7
10.5
3.5
1.34
0.39
0.24
0.21
0.21
1.25
3.2
28.7
50.6
61
23.8
3.98
1.52
0.35
0.18
0.18
0.24
4.14
15.5
14.5
25.2
45
8.05
2.91
0.49
0.38
0.38
0.16
0.69
1.42
9.45
33
24.9
24
6.81
1.3
0.75
0.45
0.28
0.17
0.32
0.4
26.1
41
21.8
16.4
12.5
4.08
0.84
0.29
0.24
0.21
0.84
2.62
10.7
28
26.4
26.9
14.6
2.33
0.65
0.41
0.31
0.22
0.2
0.97
15.3
50
38.1
23.4
15.2
9.35
0.57
0.33
0.22
0.21
0.79
2.75
9.56
21
28.6
12.7
18.7
9.23
0.9
0.37
0.35
0.277
0.692
4
19.7
22.6
69.1
50
14.5
3.75
1.29
0.334
0.314
0.176
0.393
1.74
12.7
21.1
31.2
68.4
13.9
9.07
1.01
0.292
0.205
0.15
0.23
0.589
20.6
27.9
40
28.1
23.8
14.7
1.02
0.771
0.393
0.19
0.302
0.569
4.95
25.7
39
32.6
12.3
36.5
1.47
0.441
0.348
0.149
1.51
4.58
26.2
38.6
68.4
25.5
16.7
4.15
2.1
0.428
0.294
0.155
0.295
0.809
14.3
35.6
44.8
45.7
23.3
5.35
1.47
0.486
0.314
0.251
0.314
3.34
17.8
24.8
27.8
35.1
19.2
6.05
0.86
0.351
0.22
0.129
0.149
0.985
10.5
16.3
33.4
23.8
28.2
7.88
0.794
0.406
0.249
0.258
0.177
1.02
14
26.4
33.8
118
18.6
5.59
0.999
0.31
0.239
0.204
0.274
3.21
28.9
42.4
47.4
39.4
10.7
5.7
0.622
0.264
0.233
0.183
0.262
4.35
6.51
35.3
109
169
29.6
27.4
1.12
0.617
0.366
0.21
0.185
2.81
16.4
21.4
47.5
45.8
37.1
9.93
0.69
0.523
0.42
0.445
2.42
2.3
11.8
19.5
43.4
26.2
11
1.51
1.26
1.88
0.153
0.354
2
2.17
14
28.8
68.3
21.3
12.8
8.91
1.3
0.569
0.325
0.362
1.35
2.07
5.6
147
42
65.5
12.4
10.5
0.989
2.46
0.36
0.288
0.368
4.95
15.3
26.9
33
39.4
32.4
17.1
2.1
0.696
0.328
0.266
0.917
6.19
20.4
29.7
33.9
24.9
30
22.8
1.34
0.482
0.321
0.221
2.78
5.72
19.6
27.8
37.2
26.4
35.7
8.49
4.49
2.9
0.378
0.187
0.209
3.19
17.2
32.3
40.4
25.7
16.2
5.86
0.83
0.408
0.269
0.211
0.416
4.49
18.8
25.2
54.6
35.9
5.49
19.4
2.84
0.538
0.269
0.188
0.886
1.06
14.6
39.5
25.9
26.7
18.8
16.9
12.7
0.526
0.44
0.436
1.7
5.45
13.2
27.2
44.5
45
48.9
24.3
4.92
0.855
0.239
0.168
0.431
3.67
20
35.4
33.6
49
58.4
11.7
1.57
0.535
0.295
0.236
2.17
7.35
16.7
27.7
41
32.2
46
19.7
9.59
0.688
0.449
0.239
1.02
3.42
34.7
45.1
40.2
44.3
13.1
6.05
0.774
0.342
0.249
0.202
1.69
2.7
15.4
27.3
27.1
88.5
49.7
8.72
20.8
1.23
0.378
0.275
1.54
12.6
18.4
50
37.1
48.1
18.5
9
2.74
0.721
0.404
0.364
0.841
4.39
8.21
33.3
69.5
27.3
18.6
13.6
18.8
0.516
0.321
0.221
1.5
4.32
24.9
34.4
78.8
27.1
19
14.6
0.902
0.334
0.33
0.198
0.697
3.99
24.5
44.7
51.9
55.9
16.6
11.5
1.88
0.544
1.93
0.308
0.904
8.83
19.9
29.9
37.1
35.1
16.8
10.7
1.26
0.638
0.354
0.566
0.612
1.83
30.1
28.2
35.7
41.6
21.5
15.6
6.79
0.476
0.304
0.236
0.185
2.47
24.3
36.6
46.3
45.1
91
4.92
1.14
0.458
0.33
0.223
1.61
8.71
18.5
75.5
85.2
38.3
12.2
8.48
2.01
0.513
1.36
0.253
1.17
4.47
30.4
40.1
65.6
44.3
34.4
44
1.28
0.359
0.252
0.278
1.49
8.64
19.5
32.5
43.8
60.1
22.7
16.2
11.9
0.502
0.388
0.328
0.28
9.41
12.9
32.5
45.3
45.3
18.6
13.2
3.4
0.772
0.355
0.295
2.08
5.85
20.8
56.1
106
71.6
10.7
18.2
8.81
1.13
0.483
0.245
0.383
4.9
20.5
32.3
30
63.1
21
8.01
1.56
0.826
0.342
0.814
1.46
4.37
25.4
34.9
42
42.1
18.4
11.2
1.53
0.728
0.369
0.323
2.66
3.09
20
50
33.2
58.6
19.3
6.41
1.41
0.496
0.339
0.308
0.286
14
16.8
46.7
40.4
44.6
19.2
32.9
2.92
0.46
0.315
